       Value   Percentile   TotalCount 1/(1-Percentile)

       0.738     0.000000            1         1.00
       1.179     0.100000           39         1.11
       1.360     0.200000           79         1.25
       1.470     0.300000          117         1.43
       1.597     0.400000          155         1.67
       1.710     0.500000          194         2.00
       1.802     0.550000          213         2.22
       1.854     0.600000          233         2.50
       1.921     0.650000          252         2.86
       1.963     0.700000          271         3.33
       2.019     0.750000          292         4.00
       2.051     0.775000          300         4.44
       2.105     0.800000          310         5.00
       2.157     0.825000          320         5.71
       2.235     0.850000          329         6.67
       2.389     0.875000          339         8.00
       2.529     0.887500          344         8.89
       2.585     0.900000          349        10.00
       2.793     0.912500          354        11.43
       3.019     0.925000          358        13.33
       5.259     0.937500          363        16.00
       6.695     0.943750          366        17.78
       7.971     0.950000          368        20.00
       8.647     0.956250          371        22.86
      10.791     0.962500          373        26.67
      11.831     0.968750          375        32.00
      13.543     0.971875          377        35.56
      16.295     0.975000          378        40.00
      18.815     0.978125          379        45.71
      19.279     0.981250          380        53.33
      19.359     0.984375          381        64.00
      19.407     0.985938          382        71.11
      20.543     0.987500          383        80.00
      20.543     0.989062          383        91.43
      21.055     0.990625          384       106.67
      21.055     0.992188          384       128.00
      22.575     0.992969          385       142.22
      22.575     0.993750          385       160.00
      22.575     0.994531          385       182.86
      24.191     0.995313          386       213.33
      24.191     0.996094          386       256.00
      24.191     0.996484          386       284.44
      24.191     0.996875          386       320.00
      24.191     0.997266          386       365.71
      24.735     0.997656          387       426.67
      24.735     1.000000          387          inf
#[Mean    =        2.492, StdDeviation   =        3.361]
#[Max     =       24.720, Total count    =          387]
#[Buckets =           27, SubBuckets     =         2048]