       Value   Percentile   TotalCount 1/(1-Percentile)

       0.664     0.000000            1         1.00
       1.175     0.100000           49         1.11
       1.353     0.200000           97         1.25
       1.487     0.300000          145         1.43
       1.606     0.400000          193         1.67
       1.755     0.500000          242         2.00
       1.839     0.550000          266         2.22
       1.899     0.600000          290         2.50
       1.973     0.650000          314         2.86
       2.006     0.700000          338         3.33
       2.075     0.750000          363         4.00
       2.115     0.775000          374         4.44
       2.151     0.800000          386         5.00
       2.191     0.825000          398         5.71
       2.279     0.850000          410         6.67
       2.339     0.875000          422         8.00
       2.375     0.887500          428         8.89
       2.455     0.900000          434        10.00
       2.523     0.912500          440        11.43
       2.697     0.925000          446        13.33
       2.841     0.937500          452        16.00
       2.869     0.943750          455        17.78
       3.259     0.950000          459        20.00
       3.643     0.956250          461        22.86
       5.263     0.962500          464        26.67
       9.023     0.968750          467        32.00
      10.631     0.971875          469        35.56
      11.295     0.975000          470        40.00
      12.199     0.978125          472        45.71
      12.503     0.981250          473        53.33
      15.975     0.984375          475        64.00
      18.351     0.985938          476        71.11
      18.351     0.987500          476        80.00
      18.479     0.989062          477        91.43
      20.367     0.990625          478       106.67
      20.415     0.992188          479       128.00
      20.415     0.992969          479       142.22
      20.415     0.993750          479       160.00
      21.407     0.994531          480       182.86
      21.407     0.995313          480       213.33
      21.743     0.996094          481       256.00
      21.743     0.996484          481       284.44
      21.743     0.996875          481       320.00
      21.743     0.997266          481       365.71
      21.743     0.997656          481       426.67
      21.759     0.998047          482       512.00
      21.759     1.000000          482          inf
#[Mean    =        2.241, StdDeviation   =        2.675]
#[Max     =       21.744, Total count    =          482]
#[Buckets =           27, SubBuckets     =         2048]